21 64 34 180 124 23 122 169 185 82 96 133 4 5 125 125 186 78 120 54 21 134 120 76
7 79 63 101 21 31 75 116 175 119 191 146 114 23 90 69 16 84 93 41 1 54 62 107 
88 113 20 105 159 51 16 6 180 57 39 191 116 69 22 1 118 166 154 76 48 26 71 31 
38 20 189 27 21 43 116 34 80 162 63 200 30 97 169 191 74 148 176 11 40 113 152 58 
53 179 28 38 87 86 84 8 70 126 77 108 151 75 22 14 61 12 77 9 149 151 24 86 
125 62 196 180 68 45 49 107 66 94 46 148 72 78 176 69 60 50 36 133 127 11 146 168 
2 137 83 93 57 110 110 40 93 99 166 154 76 160 93 115 120 167 97 176 27 7 149 65 
91 115 65 101 54 92 24 10 171 77 35 146 48 32 199 184 98 40 65 172 85 15 29 3 
106 180 106 7 110 178 147 144 42 47 74 139 166 18 164 80 8 71 33 73 148 120 116 176 
109 95 194 53 53 133 187 96 143 98 58 150 23 2 88 118 103 136 122 120 53 71 89 13 
45 137 168 128 147 160 191 185 76 90 43 43 114 149 155 25 122 176 75 100 65 64 145 79 
134 59 109 137 119 89 29 78 84 4 24 97 79 10 175 142 120 118 6 111 74 11 96 87 
109 111 143 144 36 30 83 63 73 148 113 23 107 95 73 147 18 92 32 134 150 139 191 19 
164 31 143 99 154 34 121 40 192 56 89 23 193 16 39 168 2 107 179 126 61 167 160 130 
104 147 73 44 120 12 148 180 26 180 194 115 177 193 109 163 180 70 8 40 55 195 153 119 
58 186 161 129 148 168 126 50 88 121 125 18 129 127 191 165 149 15 47 184 17 81 176 154 
151 29 139 21 58 65 57 83 188 194 7 121 121 119 199 169 181 100 169 20 183 107 20 135 
191 124 48 143 88 105 200 89 50 177 192 125 57 157 5 137 168 173 102 124 39 25 146 174 
76 91 138 17 79 33 38 160 60 130 168 188 86 135 184 18 140 138 124 100 85 200 53 179 
59 113 57 59 34 149 65 198 28 49 122 67 186 36 163 162 198 34 15 73 182 8 84 28 
99 171 170 196 156 133 96 102 120 123 144 171 128 137 34 102 176 160 17 54 75 130 88 104 
121 7 101 152 66 75 74 136 168 73 112 126 119 170 150 2 170 49 192 102 99 195 7 200 
114 173 25 68 2 103 187 32 3 39 153 84 36 2 72 49 152 140 13 70 166 108 86 45 
195 146 119 11 3 114 154 43 118 183 13 46 30 56 70 165 110 26 81 173 145 23 104 166 
66 170 189 139 182 96 10 190 16 190 129 147 136 143 65 40 18 57 106 51 20 185 198 38 
92 121 188 168 187 35 129 30 35 124 41 84 154 39 97 144 194 56 143 73 53 117 187 145 
121 122 144 10 50 24 134 89 112 123 40 111 146 153 109 33 43 26 124 54 25 71 76 187 
193 130 95 133 39 29 125 175 187 91 183 99 101 132 56 103 40 121 173 33 85 107 129 167